{
    "gSensorData": {
        "gSensor": {
            "x": 0.3429535548830964,
            "y": 4.812789739706133,
            "z": 9.957654028282718
        }
    },
    "rfsData": {
        "lux": 358.0976083359888,
        "humidity": 15.481888001531647,
        "temperature": 41.94857036125784,
        "mpu9250": {
            "ax": 24.279241792455068,
            "ay": -86.53183888298443,
            "az": -44.916799014946164,
            "gx": 1.2851945690959337,
            "gy": -2.415332106945769,
            "gz": -0.1442004990841781,
            "mx": 41.43602984011764,
            "my": -58.664074858980776,
            "mz": 89.4791618686759
        }
    }
}